email,subject,message
gifariramadhan12@gmail.com,test,hello
gifariramadhan12@gmail.com,test,hello
gifariramadhan12@gmail.com,test,hello
